000000000000000000001100000000000000000000
011111111111111111111111111111111111111110
011111111111111111111111111111111111111110
011111111111111111111111111111111111111110
011111111111111111111111111111111111111110
011111111111111111111111111111111111111110
011111111111111111111111111111111111111110
011111111111111111111111111111111111111110
011111111111111111111111111111111111111110
011111111111111111111111111111111111111110
011111111111111111111111111111111111111110
011111111111111111111111111111111111111110
011111111111111111111111111111111111111110
011111111111111111111111111111111111111110
000000000000000000000000000000000000000000